[ 6681.196953] [Project1] 20442 1588144585.724095927 1588144586.757771184
[ 6683.359235] [Project1] 20443 1588144587.788632221 1588144588.920113258
[ 6686.071086] [Project1] 20444 1588144590.401920802 1588144591.631993596
[ 6688.138780] [Project1] 20445 1588144592.579382715 1588144593.699701554
[ 6690.265679] [Project1] 20446 1588144594.746148770 1588144595.826660228
[ 6692.506956] [Project1] 20447 1588144596.850862457 1588144598.067968853
[ 6694.610362] [Project1] 20450 1588144599.122020806 1588144600.171408996
[ 6696.728414] [Project1] 20451 1588144601.189884864 1588144602.289492819
[ 6698.882286] [Project1] 20452 1588144603.362643336 1588144604.443392340
[ 6700.932372] [Project1] 20453 1588144605.447556700 1588144606.493513900
